{
 "cells": [
  {
   "cell_type": "markdown",
   "metadata": {},
   "source": [
    "# Pairs Trading\n",
    "### Comparing returns of pairs trading strategy using derivatives (stock options) and purchasing the underlying\n",
    "### Long Pair (NFLX, VOO)"
   ]
  },
  {
   "cell_type": "code",
   "execution_count": 26,
   "metadata": {
    "ExecuteTime": {
     "end_time": "2023-12-02T03:25:52.001449Z",
     "start_time": "2023-12-02T03:25:51.998158Z"
    }
   },
   "outputs": [],
   "source": [
    "import pandas as pd\n",
    "import pandas_datareader as pdr\n",
    "import yfinance as yf\n",
    "import seaborn as sn\n",
    "import matplotlib.pyplot as plt\n",
    "import numpy as np\n",
    "from matplotlib.pyplot import figure\n",
    "from datetime import datetime"
   ]
  },
  {
   "cell_type": "code",
   "execution_count": 109,
   "metadata": {
    "ExecuteTime": {
     "end_time": "2023-12-02T09:03:27.090442Z",
     "start_time": "2023-12-02T09:03:26.556798Z"
    }
   },
   "outputs": [
    {
     "name": "stdout",
     "output_type": "stream",
     "text": [
      "[*********************100%%**********************]  1 of 1 completed\n",
      "[*********************100%%**********************]  1 of 1 completed\n",
      "[*********************100%%**********************]  1 of 1 completed\n",
      "[*********************100%%**********************]  1 of 1 completed\n",
      "[*********************100%%**********************]  1 of 1 completed\n",
      "[*********************100%%**********************]  1 of 1 completed\n",
      "[*********************100%%**********************]  1 of 1 completed\n",
      "[*********************100%%**********************]  1 of 1 completed\n",
      "[*********************100%%**********************]  1 of 1 completed\n",
      "[*********************100%%**********************]  1 of 1 completed\n",
      "[*********************100%%**********************]  1 of 1 completed\n",
      "[*********************100%%**********************]  1 of 1 completed\n",
      "[*********************100%%**********************]  1 of 1 completed\n",
      "[*********************100%%**********************]  1 of 1 completed\n",
      "[*********************100%%**********************]  1 of 1 completed\n",
      "[*********************100%%**********************]  1 of 1 completed\n",
      "(251, 16)\n"
     ]
    },
    {
     "data": {
      "text/html": [
       "<div>\n",
       "<style scoped>\n",
       "    .dataframe tbody tr th:only-of-type {\n",
       "        vertical-align: middle;\n",
       "    }\n",
       "\n",
       "    .dataframe tbody tr th {\n",
       "        vertical-align: top;\n",
       "    }\n",
       "\n",
       "    .dataframe thead th {\n",
       "        text-align: right;\n",
       "    }\n",
       "</style>\n",
       "<table border=\"1\" class=\"dataframe\">\n",
       "  <thead>\n",
       "    <tr style=\"text-align: right;\">\n",
       "      <th></th>\n",
       "      <th>AAPL</th>\n",
       "      <th>GOOG</th>\n",
       "      <th>BRK-B</th>\n",
       "      <th>MSFT</th>\n",
       "      <th>IBM</th>\n",
       "      <th>LMT</th>\n",
       "      <th>NFLX</th>\n",
       "      <th>DIS</th>\n",
       "      <th>AMD</th>\n",
       "      <th>WOOF</th>\n",
       "      <th>UBER</th>\n",
       "      <th>UBS</th>\n",
       "      <th>BABA</th>\n",
       "      <th>PFE</th>\n",
       "      <th>MRNA</th>\n",
       "      <th>VOO</th>\n",
       "    </tr>\n",
       "    <tr>\n",
       "      <th>Date</th>\n",
       "      <th></th>\n",
       "      <th></th>\n",
       "      <th></th>\n",
       "      <th></th>\n",
       "      <th></th>\n",
       "      <th></th>\n",
       "      <th></th>\n",
       "      <th></th>\n",
       "      <th></th>\n",
       "      <th></th>\n",
       "      <th></th>\n",
       "      <th></th>\n",
       "      <th></th>\n",
       "      <th></th>\n",
       "      <th></th>\n",
       "      <th></th>\n",
       "    </tr>\n",
       "  </thead>\n",
       "  <tbody>\n",
       "    <tr>\n",
       "      <th>2023-11-22</th>\n",
       "      <td>191.309998</td>\n",
       "      <td>140.020004</td>\n",
       "      <td>361.799988</td>\n",
       "      <td>377.850006</td>\n",
       "      <td>155.130005</td>\n",
       "      <td>447.211853</td>\n",
       "      <td>478.000000</td>\n",
       "      <td>95.070000</td>\n",
       "      <td>122.510002</td>\n",
       "      <td>3.87</td>\n",
       "      <td>55.369999</td>\n",
       "      <td>26.090000</td>\n",
       "      <td>78.959999</td>\n",
       "      <td>30.320000</td>\n",
       "      <td>78.169998</td>\n",
       "      <td>418.140015</td>\n",
       "    </tr>\n",
       "    <tr>\n",
       "      <th>2023-11-24</th>\n",
       "      <td>189.970001</td>\n",
       "      <td>138.220001</td>\n",
       "      <td>362.679993</td>\n",
       "      <td>377.429993</td>\n",
       "      <td>155.179993</td>\n",
       "      <td>448.810486</td>\n",
       "      <td>479.559998</td>\n",
       "      <td>96.059998</td>\n",
       "      <td>122.309998</td>\n",
       "      <td>4.00</td>\n",
       "      <td>55.320000</td>\n",
       "      <td>26.330000</td>\n",
       "      <td>78.489998</td>\n",
       "      <td>30.500000</td>\n",
       "      <td>78.519997</td>\n",
       "      <td>418.369995</td>\n",
       "    </tr>\n",
       "    <tr>\n",
       "      <th>2023-11-27</th>\n",
       "      <td>189.789993</td>\n",
       "      <td>138.050003</td>\n",
       "      <td>361.339996</td>\n",
       "      <td>378.609985</td>\n",
       "      <td>155.570007</td>\n",
       "      <td>442.336609</td>\n",
       "      <td>479.170013</td>\n",
       "      <td>95.169998</td>\n",
       "      <td>122.650002</td>\n",
       "      <td>3.76</td>\n",
       "      <td>56.060001</td>\n",
       "      <td>26.180000</td>\n",
       "      <td>77.529999</td>\n",
       "      <td>30.139999</td>\n",
       "      <td>77.720001</td>\n",
       "      <td>417.640015</td>\n",
       "    </tr>\n",
       "    <tr>\n",
       "      <th>2023-11-28</th>\n",
       "      <td>190.399994</td>\n",
       "      <td>138.619995</td>\n",
       "      <td>360.049988</td>\n",
       "      <td>382.700012</td>\n",
       "      <td>155.649994</td>\n",
       "      <td>445.096924</td>\n",
       "      <td>479.000000</td>\n",
       "      <td>92.500000</td>\n",
       "      <td>122.010002</td>\n",
       "      <td>3.84</td>\n",
       "      <td>56.209999</td>\n",
       "      <td>26.299999</td>\n",
       "      <td>76.739998</td>\n",
       "      <td>29.690001</td>\n",
       "      <td>78.180000</td>\n",
       "      <td>418.049988</td>\n",
       "    </tr>\n",
       "    <tr>\n",
       "      <th>2023-11-29</th>\n",
       "      <td>189.369995</td>\n",
       "      <td>136.399994</td>\n",
       "      <td>358.690002</td>\n",
       "      <td>378.850006</td>\n",
       "      <td>156.410004</td>\n",
       "      <td>441.860016</td>\n",
       "      <td>477.190002</td>\n",
       "      <td>92.500000</td>\n",
       "      <td>123.849998</td>\n",
       "      <td>2.73</td>\n",
       "      <td>56.400002</td>\n",
       "      <td>27.350000</td>\n",
       "      <td>74.669998</td>\n",
       "      <td>30.080000</td>\n",
       "      <td>79.010002</td>\n",
       "      <td>417.779999</td>\n",
       "    </tr>\n",
       "  </tbody>\n",
       "</table>\n",
       "</div>"
      ],
      "text/plain": [
       "                  AAPL        GOOG       BRK-B        MSFT         IBM  \\\n",
       "Date                                                                     \n",
       "2023-11-22  191.309998  140.020004  361.799988  377.850006  155.130005   \n",
       "2023-11-24  189.970001  138.220001  362.679993  377.429993  155.179993   \n",
       "2023-11-27  189.789993  138.050003  361.339996  378.609985  155.570007   \n",
       "2023-11-28  190.399994  138.619995  360.049988  382.700012  155.649994   \n",
       "2023-11-29  189.369995  136.399994  358.690002  378.850006  156.410004   \n",
       "\n",
       "                   LMT        NFLX        DIS         AMD  WOOF       UBER  \\\n",
       "Date                                                                         \n",
       "2023-11-22  447.211853  478.000000  95.070000  122.510002  3.87  55.369999   \n",
       "2023-11-24  448.810486  479.559998  96.059998  122.309998  4.00  55.320000   \n",
       "2023-11-27  442.336609  479.170013  95.169998  122.650002  3.76  56.060001   \n",
       "2023-11-28  445.096924  479.000000  92.500000  122.010002  3.84  56.209999   \n",
       "2023-11-29  441.860016  477.190002  92.500000  123.849998  2.73  56.400002   \n",
       "\n",
       "                  UBS       BABA        PFE       MRNA         VOO  \n",
       "Date                                                                \n",
       "2023-11-22  26.090000  78.959999  30.320000  78.169998  418.140015  \n",
       "2023-11-24  26.330000  78.489998  30.500000  78.519997  418.369995  \n",
       "2023-11-27  26.180000  77.529999  30.139999  77.720001  417.640015  \n",
       "2023-11-28  26.299999  76.739998  29.690001  78.180000  418.049988  \n",
       "2023-11-29  27.350000  74.669998  30.080000  79.010002  417.779999  "
      ]
     },
     "execution_count": 109,
     "metadata": {},
     "output_type": "execute_result"
    }
   ],
   "source": [
    "# Getting Data from 6 years back\n",
    "# I will use the most recent 1 year to determine how well I would have done if I follow the efficient frontier.\n",
    "# The market is open 252 times in a given year.\n",
    "# I will get the adjusted close as my main data.\n",
    "\n",
    "def get_historical_Data(tickers):\n",
    "    \"\"\"This function returns a pd dataframe with all of the adjusted closing information\"\"\"\n",
    "    data = pd.DataFrame()\n",
    "    names = list()\n",
    "    for i in tickers:\n",
    "        data = pd.concat([data, pd.DataFrame(yf.download(i, start=datetime(2022, 11, 30), end=datetime(2023, 11, 30)).iloc[:,4])], axis = 1)\n",
    "        names.append(i)\n",
    "    data.columns = names\n",
    "    return data\n",
    "\n",
    "ticks = [\"AAPL\", \"GOOG\", \"BRK-B\", \"MSFT\", \"IBM\", \"LMT\", \"NFLX\", \"DIS\", \"AMD\", \"WOOF\", \"UBER\", \"UBS\", \"BABA\", \"PFE\", \"MRNA\", \"VOO\"] \n",
    "d = get_historical_Data(ticks)\n",
    "print(d.shape)\n",
    "# Most Recent Data\n",
    "d.tail()"
   ]
  },
  {
   "cell_type": "code",
   "execution_count": 110,
   "metadata": {
    "ExecuteTime": {
     "end_time": "2023-12-02T09:03:29.220420Z",
     "start_time": "2023-12-02T09:03:29.201589Z"
    }
   },
   "outputs": [
    {
     "data": {
      "text/html": [
       "<div>\n",
       "<style scoped>\n",
       "    .dataframe tbody tr th:only-of-type {\n",
       "        vertical-align: middle;\n",
       "    }\n",
       "\n",
       "    .dataframe tbody tr th {\n",
       "        vertical-align: top;\n",
       "    }\n",
       "\n",
       "    .dataframe thead th {\n",
       "        text-align: right;\n",
       "    }\n",
       "</style>\n",
       "<table border=\"1\" class=\"dataframe\">\n",
       "  <thead>\n",
       "    <tr style=\"text-align: right;\">\n",
       "      <th></th>\n",
       "      <th>AAPL</th>\n",
       "      <th>GOOG</th>\n",
       "      <th>BRK-B</th>\n",
       "      <th>MSFT</th>\n",
       "      <th>IBM</th>\n",
       "      <th>LMT</th>\n",
       "      <th>NFLX</th>\n",
       "      <th>DIS</th>\n",
       "      <th>AMD</th>\n",
       "      <th>WOOF</th>\n",
       "      <th>UBER</th>\n",
       "      <th>UBS</th>\n",
       "      <th>BABA</th>\n",
       "      <th>PFE</th>\n",
       "      <th>MRNA</th>\n",
       "      <th>VOO</th>\n",
       "    </tr>\n",
       "  </thead>\n",
       "  <tbody>\n",
       "    <tr>\n",
       "      <th>AAPL</th>\n",
       "      <td>1.000000</td>\n",
       "      <td>0.866682</td>\n",
       "      <td>0.791736</td>\n",
       "      <td>0.950323</td>\n",
       "      <td>0.294096</td>\n",
       "      <td>-0.412667</td>\n",
       "      <td>0.846860</td>\n",
       "      <td>-0.475349</td>\n",
       "      <td>0.937947</td>\n",
       "      <td>-0.564814</td>\n",
       "      <td>0.884114</td>\n",
       "      <td>0.545389</td>\n",
       "      <td>-0.443863</td>\n",
       "      <td>-0.818899</td>\n",
       "      <td>-0.811814</td>\n",
       "      <td>0.926718</td>\n",
       "    </tr>\n",
       "    <tr>\n",
       "      <th>GOOG</th>\n",
       "      <td>0.866682</td>\n",
       "      <td>1.000000</td>\n",
       "      <td>0.904339</td>\n",
       "      <td>0.912724</td>\n",
       "      <td>0.556085</td>\n",
       "      <td>-0.666246</td>\n",
       "      <td>0.812291</td>\n",
       "      <td>-0.652283</td>\n",
       "      <td>0.848844</td>\n",
       "      <td>-0.820234</td>\n",
       "      <td>0.910291</td>\n",
       "      <td>0.767802</td>\n",
       "      <td>-0.433188</td>\n",
       "      <td>-0.848472</td>\n",
       "      <td>-0.873112</td>\n",
       "      <td>0.896238</td>\n",
       "    </tr>\n",
       "    <tr>\n",
       "      <th>BRK-B</th>\n",
       "      <td>0.791736</td>\n",
       "      <td>0.904339</td>\n",
       "      <td>1.000000</td>\n",
       "      <td>0.830880</td>\n",
       "      <td>0.689505</td>\n",
       "      <td>-0.643352</td>\n",
       "      <td>0.826151</td>\n",
       "      <td>-0.645188</td>\n",
       "      <td>0.715041</td>\n",
       "      <td>-0.765888</td>\n",
       "      <td>0.894787</td>\n",
       "      <td>0.806151</td>\n",
       "      <td>-0.309704</td>\n",
       "      <td>-0.749308</td>\n",
       "      <td>-0.804041</td>\n",
       "      <td>0.917923</td>\n",
       "    </tr>\n",
       "    <tr>\n",
       "      <th>MSFT</th>\n",
       "      <td>0.950323</td>\n",
       "      <td>0.912724</td>\n",
       "      <td>0.830880</td>\n",
       "      <td>1.000000</td>\n",
       "      <td>0.438037</td>\n",
       "      <td>-0.476361</td>\n",
       "      <td>0.868329</td>\n",
       "      <td>-0.554367</td>\n",
       "      <td>0.928484</td>\n",
       "      <td>-0.713635</td>\n",
       "      <td>0.925037</td>\n",
       "      <td>0.630170</td>\n",
       "      <td>-0.534692</td>\n",
       "      <td>-0.861081</td>\n",
       "      <td>-0.886549</td>\n",
       "      <td>0.907198</td>\n",
       "    </tr>\n",
       "    <tr>\n",
       "      <th>IBM</th>\n",
       "      <td>0.294096</td>\n",
       "      <td>0.556085</td>\n",
       "      <td>0.689505</td>\n",
       "      <td>0.438037</td>\n",
       "      <td>1.000000</td>\n",
       "      <td>-0.446826</td>\n",
       "      <td>0.587937</td>\n",
       "      <td>-0.492518</td>\n",
       "      <td>0.277711</td>\n",
       "      <td>-0.685527</td>\n",
       "      <td>0.585772</td>\n",
       "      <td>0.692539</td>\n",
       "      <td>-0.073781</td>\n",
       "      <td>-0.320861</td>\n",
       "      <td>-0.446104</td>\n",
       "      <td>0.554412</td>\n",
       "    </tr>\n",
       "    <tr>\n",
       "      <th>LMT</th>\n",
       "      <td>-0.412667</td>\n",
       "      <td>-0.666246</td>\n",
       "      <td>-0.643352</td>\n",
       "      <td>-0.476361</td>\n",
       "      <td>-0.446826</td>\n",
       "      <td>1.000000</td>\n",
       "      <td>-0.457355</td>\n",
       "      <td>0.502932</td>\n",
       "      <td>-0.407002</td>\n",
       "      <td>0.610562</td>\n",
       "      <td>-0.609531</td>\n",
       "      <td>-0.625002</td>\n",
       "      <td>0.119183</td>\n",
       "      <td>0.581835</td>\n",
       "      <td>0.523854</td>\n",
       "      <td>-0.504046</td>\n",
       "    </tr>\n",
       "    <tr>\n",
       "      <th>NFLX</th>\n",
       "      <td>0.846860</td>\n",
       "      <td>0.812291</td>\n",
       "      <td>0.826151</td>\n",
       "      <td>0.868329</td>\n",
       "      <td>0.587937</td>\n",
       "      <td>-0.457355</td>\n",
       "      <td>1.000000</td>\n",
       "      <td>-0.433746</td>\n",
       "      <td>0.835687</td>\n",
       "      <td>-0.581974</td>\n",
       "      <td>0.891223</td>\n",
       "      <td>0.641321</td>\n",
       "      <td>-0.185308</td>\n",
       "      <td>-0.708070</td>\n",
       "      <td>-0.723233</td>\n",
       "      <td>0.926801</td>\n",
       "    </tr>\n",
       "    <tr>\n",
       "      <th>DIS</th>\n",
       "      <td>-0.475349</td>\n",
       "      <td>-0.652283</td>\n",
       "      <td>-0.645188</td>\n",
       "      <td>-0.554367</td>\n",
       "      <td>-0.492518</td>\n",
       "      <td>0.502932</td>\n",
       "      <td>-0.433746</td>\n",
       "      <td>1.000000</td>\n",
       "      <td>-0.447563</td>\n",
       "      <td>0.742946</td>\n",
       "      <td>-0.531800</td>\n",
       "      <td>-0.433311</td>\n",
       "      <td>0.521134</td>\n",
       "      <td>0.484756</td>\n",
       "      <td>0.609997</td>\n",
       "      <td>-0.488187</td>\n",
       "    </tr>\n",
       "    <tr>\n",
       "      <th>AMD</th>\n",
       "      <td>0.937947</td>\n",
       "      <td>0.848844</td>\n",
       "      <td>0.715041</td>\n",
       "      <td>0.928484</td>\n",
       "      <td>0.277711</td>\n",
       "      <td>-0.407002</td>\n",
       "      <td>0.835687</td>\n",
       "      <td>-0.447563</td>\n",
       "      <td>1.000000</td>\n",
       "      <td>-0.557691</td>\n",
       "      <td>0.846203</td>\n",
       "      <td>0.497409</td>\n",
       "      <td>-0.449284</td>\n",
       "      <td>-0.789746</td>\n",
       "      <td>-0.787485</td>\n",
       "      <td>0.859939</td>\n",
       "    </tr>\n",
       "    <tr>\n",
       "      <th>WOOF</th>\n",
       "      <td>-0.564814</td>\n",
       "      <td>-0.820234</td>\n",
       "      <td>-0.765888</td>\n",
       "      <td>-0.713635</td>\n",
       "      <td>-0.685527</td>\n",
       "      <td>0.610562</td>\n",
       "      <td>-0.581974</td>\n",
       "      <td>0.742946</td>\n",
       "      <td>-0.557691</td>\n",
       "      <td>1.000000</td>\n",
       "      <td>-0.750661</td>\n",
       "      <td>-0.831684</td>\n",
       "      <td>0.497477</td>\n",
       "      <td>0.773507</td>\n",
       "      <td>0.831900</td>\n",
       "      <td>-0.626985</td>\n",
       "    </tr>\n",
       "    <tr>\n",
       "      <th>UBER</th>\n",
       "      <td>0.884114</td>\n",
       "      <td>0.910291</td>\n",
       "      <td>0.894787</td>\n",
       "      <td>0.925037</td>\n",
       "      <td>0.585772</td>\n",
       "      <td>-0.609531</td>\n",
       "      <td>0.891223</td>\n",
       "      <td>-0.531800</td>\n",
       "      <td>0.846203</td>\n",
       "      <td>-0.750661</td>\n",
       "      <td>1.000000</td>\n",
       "      <td>0.791589</td>\n",
       "      <td>-0.400736</td>\n",
       "      <td>-0.873543</td>\n",
       "      <td>-0.883801</td>\n",
       "      <td>0.934037</td>\n",
       "    </tr>\n",
       "    <tr>\n",
       "      <th>UBS</th>\n",
       "      <td>0.545389</td>\n",
       "      <td>0.767802</td>\n",
       "      <td>0.806151</td>\n",
       "      <td>0.630170</td>\n",
       "      <td>0.692539</td>\n",
       "      <td>-0.625002</td>\n",
       "      <td>0.641321</td>\n",
       "      <td>-0.433311</td>\n",
       "      <td>0.497409</td>\n",
       "      <td>-0.831684</td>\n",
       "      <td>0.791589</td>\n",
       "      <td>1.000000</td>\n",
       "      <td>-0.182936</td>\n",
       "      <td>-0.759667</td>\n",
       "      <td>-0.744020</td>\n",
       "      <td>0.707365</td>\n",
       "    </tr>\n",
       "    <tr>\n",
       "      <th>BABA</th>\n",
       "      <td>-0.443863</td>\n",
       "      <td>-0.433188</td>\n",
       "      <td>-0.309704</td>\n",
       "      <td>-0.534692</td>\n",
       "      <td>-0.073781</td>\n",
       "      <td>0.119183</td>\n",
       "      <td>-0.185308</td>\n",
       "      <td>0.521134</td>\n",
       "      <td>-0.449284</td>\n",
       "      <td>0.497477</td>\n",
       "      <td>-0.400736</td>\n",
       "      <td>-0.182936</td>\n",
       "      <td>1.000000</td>\n",
       "      <td>0.474599</td>\n",
       "      <td>0.598324</td>\n",
       "      <td>-0.262204</td>\n",
       "    </tr>\n",
       "    <tr>\n",
       "      <th>PFE</th>\n",
       "      <td>-0.818899</td>\n",
       "      <td>-0.848472</td>\n",
       "      <td>-0.749308</td>\n",
       "      <td>-0.861081</td>\n",
       "      <td>-0.320861</td>\n",
       "      <td>0.581835</td>\n",
       "      <td>-0.708070</td>\n",
       "      <td>0.484756</td>\n",
       "      <td>-0.789746</td>\n",
       "      <td>0.773507</td>\n",
       "      <td>-0.873543</td>\n",
       "      <td>-0.759667</td>\n",
       "      <td>0.474599</td>\n",
       "      <td>1.000000</td>\n",
       "      <td>0.945118</td>\n",
       "      <td>-0.764317</td>\n",
       "    </tr>\n",
       "    <tr>\n",
       "      <th>MRNA</th>\n",
       "      <td>-0.811814</td>\n",
       "      <td>-0.873112</td>\n",
       "      <td>-0.804041</td>\n",
       "      <td>-0.886549</td>\n",
       "      <td>-0.446104</td>\n",
       "      <td>0.523854</td>\n",
       "      <td>-0.723233</td>\n",
       "      <td>0.609997</td>\n",
       "      <td>-0.787485</td>\n",
       "      <td>0.831900</td>\n",
       "      <td>-0.883801</td>\n",
       "      <td>-0.744020</td>\n",
       "      <td>0.598324</td>\n",
       "      <td>0.945118</td>\n",
       "      <td>1.000000</td>\n",
       "      <td>-0.778832</td>\n",
       "    </tr>\n",
       "    <tr>\n",
       "      <th>VOO</th>\n",
       "      <td>0.926718</td>\n",
       "      <td>0.896238</td>\n",
       "      <td>0.917923</td>\n",
       "      <td>0.907198</td>\n",
       "      <td>0.554412</td>\n",
       "      <td>-0.504046</td>\n",
       "      <td>0.926801</td>\n",
       "      <td>-0.488187</td>\n",
       "      <td>0.859939</td>\n",
       "      <td>-0.626985</td>\n",
       "      <td>0.934037</td>\n",
       "      <td>0.707365</td>\n",
       "      <td>-0.262204</td>\n",
       "      <td>-0.764317</td>\n",
       "      <td>-0.778832</td>\n",
       "      <td>1.000000</td>\n",
       "    </tr>\n",
       "  </tbody>\n",
       "</table>\n",
       "</div>"
      ],
      "text/plain": [
       "           AAPL      GOOG     BRK-B      MSFT       IBM       LMT      NFLX  \\\n",
       "AAPL   1.000000  0.866682  0.791736  0.950323  0.294096 -0.412667  0.846860   \n",
       "GOOG   0.866682  1.000000  0.904339  0.912724  0.556085 -0.666246  0.812291   \n",
       "BRK-B  0.791736  0.904339  1.000000  0.830880  0.689505 -0.643352  0.826151   \n",
       "MSFT   0.950323  0.912724  0.830880  1.000000  0.438037 -0.476361  0.868329   \n",
       "IBM    0.294096  0.556085  0.689505  0.438037  1.000000 -0.446826  0.587937   \n",
       "LMT   -0.412667 -0.666246 -0.643352 -0.476361 -0.446826  1.000000 -0.457355   \n",
       "NFLX   0.846860  0.812291  0.826151  0.868329  0.587937 -0.457355  1.000000   \n",
       "DIS   -0.475349 -0.652283 -0.645188 -0.554367 -0.492518  0.502932 -0.433746   \n",
       "AMD    0.937947  0.848844  0.715041  0.928484  0.277711 -0.407002  0.835687   \n",
       "WOOF  -0.564814 -0.820234 -0.765888 -0.713635 -0.685527  0.610562 -0.581974   \n",
       "UBER   0.884114  0.910291  0.894787  0.925037  0.585772 -0.609531  0.891223   \n",
       "UBS    0.545389  0.767802  0.806151  0.630170  0.692539 -0.625002  0.641321   \n",
       "BABA  -0.443863 -0.433188 -0.309704 -0.534692 -0.073781  0.119183 -0.185308   \n",
       "PFE   -0.818899 -0.848472 -0.749308 -0.861081 -0.320861  0.581835 -0.708070   \n",
       "MRNA  -0.811814 -0.873112 -0.804041 -0.886549 -0.446104  0.523854 -0.723233   \n",
       "VOO    0.926718  0.896238  0.917923  0.907198  0.554412 -0.504046  0.926801   \n",
       "\n",
       "            DIS       AMD      WOOF      UBER       UBS      BABA       PFE  \\\n",
       "AAPL  -0.475349  0.937947 -0.564814  0.884114  0.545389 -0.443863 -0.818899   \n",
       "GOOG  -0.652283  0.848844 -0.820234  0.910291  0.767802 -0.433188 -0.848472   \n",
       "BRK-B -0.645188  0.715041 -0.765888  0.894787  0.806151 -0.309704 -0.749308   \n",
       "MSFT  -0.554367  0.928484 -0.713635  0.925037  0.630170 -0.534692 -0.861081   \n",
       "IBM   -0.492518  0.277711 -0.685527  0.585772  0.692539 -0.073781 -0.320861   \n",
       "LMT    0.502932 -0.407002  0.610562 -0.609531 -0.625002  0.119183  0.581835   \n",
       "NFLX  -0.433746  0.835687 -0.581974  0.891223  0.641321 -0.185308 -0.708070   \n",
       "DIS    1.000000 -0.447563  0.742946 -0.531800 -0.433311  0.521134  0.484756   \n",
       "AMD   -0.447563  1.000000 -0.557691  0.846203  0.497409 -0.449284 -0.789746   \n",
       "WOOF   0.742946 -0.557691  1.000000 -0.750661 -0.831684  0.497477  0.773507   \n",
       "UBER  -0.531800  0.846203 -0.750661  1.000000  0.791589 -0.400736 -0.873543   \n",
       "UBS   -0.433311  0.497409 -0.831684  0.791589  1.000000 -0.182936 -0.759667   \n",
       "BABA   0.521134 -0.449284  0.497477 -0.400736 -0.182936  1.000000  0.474599   \n",
       "PFE    0.484756 -0.789746  0.773507 -0.873543 -0.759667  0.474599  1.000000   \n",
       "MRNA   0.609997 -0.787485  0.831900 -0.883801 -0.744020  0.598324  0.945118   \n",
       "VOO   -0.488187  0.859939 -0.626985  0.934037  0.707365 -0.262204 -0.764317   \n",
       "\n",
       "           MRNA       VOO  \n",
       "AAPL  -0.811814  0.926718  \n",
       "GOOG  -0.873112  0.896238  \n",
       "BRK-B -0.804041  0.917923  \n",
       "MSFT  -0.886549  0.907198  \n",
       "IBM   -0.446104  0.554412  \n",
       "LMT    0.523854 -0.504046  \n",
       "NFLX  -0.723233  0.926801  \n",
       "DIS    0.609997 -0.488187  \n",
       "AMD   -0.787485  0.859939  \n",
       "WOOF   0.831900 -0.626985  \n",
       "UBER  -0.883801  0.934037  \n",
       "UBS   -0.744020  0.707365  \n",
       "BABA   0.598324 -0.262204  \n",
       "PFE    0.945118 -0.764317  \n",
       "MRNA   1.000000 -0.778832  \n",
       "VOO   -0.778832  1.000000  "
      ]
     },
     "execution_count": 110,
     "metadata": {},
     "output_type": "execute_result"
    }
   ],
   "source": [
    "corr_matrix = d.corr()\n",
    "corr_matrix"
   ]
  },
  {
   "cell_type": "code",
   "execution_count": 111,
   "metadata": {
    "ExecuteTime": {
     "end_time": "2023-12-02T09:03:31.818745Z",
     "start_time": "2023-12-02T09:03:31.186447Z"
    }
   },
   "outputs": [
    {
     "data": {
      "text/plain": [
       "<Axes: >"
      ]
     },
     "execution_count": 111,
     "metadata": {},
     "output_type": "execute_result"
    },
    {
     "data": {
